ONTOLOGY	ID	Description	setSize	enrichmentScore	NES	pvalue	p.adjust	qvalue	rank	leading_edge	core_enrichment
GO:0051053	BP	GO:0051053	negative regulation of DNA metabolic process	16	-0.879001251716718	-2.20498756108335	2.20490105840109e-05	0.0306300704942664	0.0306300704942664	3	tags=12%, list=0%, signal=13%	ENSG00000130119/ENSG00000145649
GO:0006955	BP	GO:0006955	immune response	184	-0.512442118401174	-1.87703488871926	2.47715895626902e-05	0.0306300704942664	0.0306300704942664	298	tags=19%, list=12%, signal=18%	ENSG00000126353/ENSG00000213047/ENSG00000069702/ENSG00000182985/ENSG00000150782/ENSG00000174292/ENSG00000138795/ENSG00000121797/ENSG00000169508/ENSG00000136244/ENSG00000280411/ENSG00000143185/ENSG00000168685/ENSG00000211651/ENSG00000138755/ENSG00000105205/ENSG00000211952/ENSG00000134215/ENSG00000115009/ENSG00000175899/ENSG00000145335/ENSG00000211965/ENSG00000115590/ENSG00000211945/ENSG00000184304/ENSG00000158473/ENSG00000109943/ENSG00000211663/ENSG00000183347/ENSG00000211946/ENSG00000109339/ENSG00000281990/ENSG00000211647/ENSG00000145649/ENSG00000211626
