ONTOLOGY	ID	Description	setSize	enrichmentScore	NES	pvalue	p.adjust	qvalue	rank	leading_edge	core_enrichment
GO:0051053	BP	GO:0051053	negative regulation of DNA metabolic process	16	-0.879001251716718	-2.20498756108335	2.20490105840109e-05	0.0306300704942664	0.0306300704942664	3	tags=12%, list=0%, signal=13%	GNL3L/GZMA
GO:0006955	BP	GO:0006955	immune response	184	-0.512442118401174	-1.87703488871926	2.47715895626902e-05	0.0306300704942664	0.0306300704942664	298	tags=19%, list=12%, signal=18%	CCR7/DENND1B/TGFBR3/CADM1/IL18/TNK1/LEF1/CCRL2/GPR183/IL6/IGHV1-69D/XCL2/IL7R/IGLV1-44/CXCL9/CLC/IGHV4-28/VAV3/CCL20/A2M/SNCA/IGHV3-49/IL1R2/IGHV1-18/PRKD1/CD1D/CRTAM/IGLV3-19/GBP6/IGHV3-20/MAPK10/IGHV1-69-2/IGLV5-48/GZMA/IGKV6D-41
