ONTOLOGY	ID	Description	setSize	enrichmentScore	NES	pvalue	p.adjust	qvalue	rank	leading_edge	core_enrichment
GO:0002250	BP	GO:0002250	adaptive immune response	353	-0.454065873544599	-1.82777700743654	3.55690935585434e-07	0.00217682852578286	0.00217270999916029	3459	tags=27%, list=16%, signal=23%	IGKV1-5/IGKV2D-26/IGHV2-5/KLRC1/IGHV4-39/HLA-DQB1/LAIR1/IGLV3-25/TLR8/NFKBIZ/IGHV3-33/C4BPB/KLRD1/PLA2G4A/CD28/TRBC2/EOMES/MICA/FOXP3/IL4/IGHV1-24/IGKV1D-33/IFNA1/TREM1/CLEC4C/IGHV3-74/IL27/IGHV3-66/IL1R1/IGLV6-57/IGHV3-43/IGLV4-3/IGLC6/IGLV4-69/IFNA13/ITK/IGLC2/VTCN1/IGLV3-21/IGKV1-9/IGLC3/RNF125/BCL6/ANXA1/IGKV1-39/MASP2/JAM3/IGKV2-30/IGLV1-40/IL18R1/IGHV3-53/IGLV7-46/DENND1B/IGKV1-27/IGHV3-13/IGHA1/TRGV2/CD6/IL18/IGKV1D-39/IGHV1-69/LEF1/PRKCQ/IGHV1-45/IGHV3-15/IGLV3-10/SERPING1/IGLV8-61/IGHA2/IGLV3-16/IGHV4-34/C7/IGLV10-54/IGKV1D-17/IGKV4-1/IGHV3-21/IGHV4-61/IGKV3-7/IGLV3-9/IGKV1-12/KDM5D/IGHV1-3/TRAT1/IGKV2-40/IGLV1-44/IGKV5-2/IGHV4-28/IGLV3-22/IGHV1-58/IGHV3-49/IGHV1-18/IGLV3-19/IGHV3-20/IGLV5-37/IGLV5-48/IGKV6D-41
GO:0019814	CC	GO:0019814	immunoglobulin complex	127	-0.580518911039854	-2.09260946107051	7.90685658632702e-06	0.0161299874361071	0.0160994697440195	2242	tags=39%, list=10%, signal=35%	IGHV3-66/IGLV6-57/IGHV3-43/IGLV4-3/IGLC6/IGLV4-69/IGLC2/IGLV3-21/IGKV1-9/IGLC3/IGKV1-39/IGKV2-30/IGLV1-40/IGHV3-53/IGLV7-46/IGKV1-27/IGHV3-13/IGHA1/IGKV1D-39/IGHV1-69/IGHV1-45/IGHV3-15/IGLV3-10/IGLV8-61/IGHA2/IGLV3-16/IGHV4-34/IGLV10-54/IGKV1D-17/IGKV4-1/IGHV3-21/IGHV4-61/IGKV3-7/IGLV3-9/IGKV1-12/IGHV1-3/IGKV2-40/IGLV1-44/IGKV5-2/IGHV4-28/IGLV3-22/IGHV1-58/IGHV3-49/IGHV1-18/IGLV3-19/IGHV3-20/IGLV5-37/IGLV5-48/IGKV6D-41
GO:0002377	BP	GO:0002377	immunoglobulin production	144	-0.557633176051585	-2.04655978953756	6.83923277703496e-06	0.0161299874361071	0.0160994697440195	2143	tags=21%, list=10%, signal=19%	IGLV6-57/IGLV4-3/IGLV4-69/IGLV3-21/IGKV1-9/BCL6/IGKV1-39/IGKV2-30/IGLV1-40/IGLV7-46/IGKV1-27/IGKV1D-39/IGLV3-10/IGLV8-61/IGLV3-16/IGLV10-54/IGKV1D-17/IGKV4-1/IGKV3-7/IGLV3-9/IGKV1-12/IGKV2-40/IGLV1-44/IGKV5-2/TMIGD2/IGLV3-22/IGLV3-19/IGLV5-37/IGLV5-48/IGKV6D-41
GO:0002440	BP	GO:0002440	production of molecular mediator of immune response	186	-0.502274386755399	-1.9147531994871	1.10753195292719e-05	0.016945238879786	0.0169131787443065	2158	tags=20%, list=10%, signal=18%	IL1R1/IGLV6-57/IGLV4-3/IGLV4-69/IGLV3-21/IGKV1-9/BCL6/IGKV1-39/IGKV2-30/IGLV1-40/IL18R1/IGLV7-46/DENND1B/IGKV1-27/IL18/IGKV1D-39/TLR3/IGLV3-10/IGLV8-61/IGLV3-16/IGLV10-54/IGKV1D-17/IGKV4-1/KIR2DL4/GPRC5B/IGKV3-7/IGLV3-9/IGKV1-12/IGKV2-40/IGLV1-44/IGKV5-2/TMIGD2/IGLV3-22/IGLV3-19/IGLV5-37/IGLV5-48/IGKV6D-41
GO:0043392	BP	GO:0043392	negative regulation of DNA binding	31	-0.79145709000644	-2.24511663469282	1.56328929014786e-05	0.0191346609114098	0.0190984584225853	1082	tags=16%, list=5%, signal=15%	ZNF462/LEF1/ID1/HMGA2/GZMA
